73
24
63
55
59
33
38
98
87
94
27
12
14
2
54
96
10
62
41
77
99
48
74
73
81
83
52
89
13
8
97
72
71
14
46
2
7
34
33
85
97
86
61
17
21
85
2
69
77
71
21
78
94
1
39
85
78
99
88
17
96
72
67
80
44
46
85
50
99
96
35
4
7
2
48
97
98
76
50
25
30
84
5
1
35
8
85
2
30
53
91
27
87
60
90
4
64
49
50
52
36
47
70
32
1
70
74
60
23
38
91
16
2
26
89
29
42
68
40
35
67
74
89
57
51
31
54
97
61
2
68
63
81
74
63
31
75
19
12
71
93
31
52
17
11
68
37
59
94
53
21
33
25
73
9
26
18
29
75
4
8
89
53
8
53
7
17
88
35
98
57
60
27
51
94
21
90
1
27
66
28
6
22
14
60
72
30
62
3
47
9
71
43
81
60
67
45
34
26
74
20
14
92
68
91
3
19
57
96
33
13
9
81
66
42
47
82
53
58
59
37
2
68
71
6
50
69
80
72
34
6
34
52
95
69
12
50
90
16
34
69
3
26
46
40
18
29
57
16
37
23
53
35
31
83
67
10
93
87
85
39
37
52
2
3
78
27
72
41
29
24
12
14
33
83
84
26
62
49
41
85
82
4
26
84
42
74
87
29
98
82
77
36
15
27
25
2
26
24
11
78
96
20
92
4
97
40
51
1
14
85
25
21
14
81
31
53
51
54
36
14
21
37
91
56
87
65
49
41
66
1
16
74
92
38
37
7
12
53
93
1
32
58
36
4
77
2
52
38
66
61
24
39
99
29
13
43
59
9
87
49
53
70
59
93
37
5
17
41
65
71
94
94
61
72
2
15
9
93
75
18
95
3
21
63
78
36
14
58
83
67
40
40
57
22
92
29
83
8
76
54
52
59
26
60
8
85
81
29
44
74
96
48
72
44
42
23
74
68
10
75
45
97
30
22
83
67
61
1
60
83
27
28
55
37
19
97
39
7
5
20
39
9
46
72
16
97
52
52
55
24
43
2
74
15
69
18
4
96
47
85
44
31
69
6
31
51
58
58
6
20
58
98
25
85
49
57
5
59
97
17
50
68
97
24
80
31
42
17
28
66
34
61
46
57
32
47
36
61
6
3
