730
240
637
550
597
333
385
984
879
941
274
128
146
23
546
964
104
625
410
776
990
487
746
733
817
838
526
899
133
83
978
722
715
143
462
4
71
348
338
859
971
865
612
178
217
854
9
692
771
712
211
783
945
14
394
853
786
993
883
170
962
724
677
804
441
462
852
501
991
969
353
47
71
29
483
971
989
767
501
255
309
848
52
10
353
86
850
3
307
531
918
277
874
609
908
44
646
496
506
520
366
477
703
322
11
701
745
607
235
389
911
167
3
264
892
297
428
687
408
353
671
740
894
579
510
311
540
973
613
27
689
630
817
741
631
314
750
190
122
713
933
311
529
178
113
683
379
592
940
534
214
333
250
735
91
264
188
297
758
46
86
892
534
85
531
73
176
883
350
985
575
604
273
513
944
217
909
19
274
668
287
63
226
140
603
727
303
625
35
477
92
710
434
819
604
672
450
344
269
745
206
149
920
687
916
35
195
576
964
331
138
97
819
669
428
479
829
539
584
597
374
1
689
713
69
503
691
800
721
341
63
349
520
956
693
121
505
901
167
349
695
32
260
464
406
185
293
575
168
371
234
538
354
310
837
670
109
935
875
852
394
378
526
4
34
786
271
721
419
290
244
125
148
337
837
844
261
620
490
415
854
820
49
261
840
428
741
876
292
983
829
771
363
156
272
252
1
268
241
118
787
962
209
921
46
972
408
515
10
145
852
253
218
141
811
316
537
517
545
368
145
217
376
912
568
875
652
497
417
668
15
164
743
928
389
374
72
124
530
931
17
328
582
360
40
772
29
522
386
668
612
241
394
994
291
136
437
592
91
879
497
531
702
592
937
373
58
176
412
650
711
942
949
619
721
27
153
92
939
752
187
955
39
210
632
783
361
148
584
833
671
401
402
576
221
921
292
830
84
769
545
525
593
262
603
85
855
814
292
442
740
960
489
727
441
423
234
743
688
101
756
453
972
305
220
834
675
612
17
605
833
275
284
552
378
191
976
396
79
51
200
393
90
468
722
161
970
526
521
557
247
435
27
747
159
696
188
43
965
479
859
444
312
690
62
312
512
582
582
61
208
588
980
257
851
495
579
56
590
975
177
506
686
970
248
808
314
422
174
285
660
345
616
460
574
322
477
369
614
63
