15
456
121
399
348
430
39
471
327
441
301
301
455
401
195
129
370
70
14
97
200
440
57
473
448
154
181
238
40
363
329
252
420
420
36
415
114
278
134
212
161
40
211
211
187
82
391
87
120
259
118
485
215
266
418
46
64
300
8
200
207
265
202
372
259
389
224
52
185
245
422
274
437
305
298
354
161
326
438
377
50
47
153
286
190
356
53
37
406
294
307
233
152
8
37
274
436
471
94
34
94
61
456
225
451
370
42
145
19
368
43
152
367
383
185
286
206
152
423
160
18
39
189
303
201
365
145
420
296
156
320
95
310
494
119
288
466
54
392
66
494
320
144
364
153
391
460
203
227
251
367
150
117
304
159
7
483
481
125
82
31
183
196
113
163
358
252
356
152
5
147
68
369
453
55
70
346
299
317
380
89
469
287
343
96
435
68
36
458
233
79
203
219
35
120
349
399
148
397
136
157
474
477
105
62
116
250
348
328
498
236
97
113
44
460
382
153
189
186
270
54
203
454
382
482
56
196
333
352
300
171
409
295
217
54
291
331
276
266
345
159
220
5
6
348
453
466
40
49
201
403
1
441
282
7
486
274
192
468
359
247
68
260
430
365
17
317
180
109
179
227
454
414
342
14
198
429
358
252
177
481
64
55
273
429
395
393
380
291
359
276
110
127
40
43
437
92
333
357
174
458
144
1
105
167
320
171
388
69
178
316
320
94
45
368
353
479
356
384
292
4
439
233
412
404
264
336
295
195
72
434
54
155
472
469
193
81
239
447
231
171
282
12
364
104
418
39
326
359
342
206
295
326
394
336
107
35
12
268
260
77
492
107
138
397
491
445
121
134
498
47
256
71
316
489
401
55
431
434
314
405
496
7
416
390
9
194
52
322
162
272
373
144
224
2
61
136
219
186
476
470
112
199
431
395
140
246
175
200
384
411
317
421
156
446
373
464
261
385
250
340
204
209
477
246
419
196
184
32
149
54
322
366
143
75
354
55
407
320
158
2
349
269
188
199
204
407
436
487
312
437
95
488
374
117
351
243
25
233
123
42
173
293
129
336
256
335
60
357
254
91
258
266
499
328
221
160
47
344
408
227
126
433
249
165
416
80
484
197
185
255
407
123
111
429
312
350
399
294
463
